VB,VBD,.,``,POS,'',NNP,RB,PDT,RBS,RBR,FW,IN,UH,JJR,RP,VBN,NN,JJ,CD,,,PRP,WP,WP$,VBG,EX,(,MD,CC,WDT,PRP$,LS,#,DT,NNPS,WRB,JJS,VBP,),VBZ,NNS,TO,$,:,SYM
VB,1089,1,0,0,0,0,6,1,0,0,0,0,0,0,0,0,8,22,11,8,0,0,0,0,6,0,0,0,0,0,0,0,0,0,0,0,0,26,0,0,0,0,0,0,0
VBD,6,1344,0,0,0,0,16,0,0,0,0,0,0,0,0,0,95,17,5,1,0,0,0,0,15,0,0,0,0,0,0,0,0,0,0,0,0,1,0,16,2,0,0,0,0
.,0,0,1917,0,0,0,0,0,0,0,0,0,0,0,0,0,0,0,0,0,0,0,0,0,0,0,0,0,0,0,0,0,0,0,0,0,0,0,0,0,0,0,0,0,0
``,0,0,0,402,0,0,0,0,0,0,0,0,0,0,0,0,0,0,0,0,0,0,0,0,0,0,0,0,0,0,0,0,0,0,0,0,0,0,0,0,0,0,0,0,0
POS,0,0,0,0,395,0,0,0,0,0,0,0,0,0,0,0,0,0,0,0,0,0,0,0,0,0,0,0,0,0,0,0,0,0,0,0,0,0,0,3,0,0,0,0,0
'',0,0,0,0,1,392,0,0,0,0,0,0,0,0,0,0,0,0,0,0,0,0,0,0,0,0,0,0,0,0,0,0,0,0,0,0,0,0,0,0,0,0,0,0,0
NNP,7,4,0,0,0,0,4714,2,0,0,0,29,2,0,0,0,5,112,123,41,0,2,0,0,5,0,0,0,0,0,0,0,0,5,40,0,0,0,0,6,16,0,0,0,0
RB,4,2,0,0,0,0,31,1238,0,0,4,0,60,2,0,24,14,16,41,3,0,0,0,0,5,3,0,0,3,0,0,0,0,4,0,0,0,2,0,4,3,0,0,0,0
PDT,0,0,0,0,0,0,0,0,9,0,0,0,0,0,0,0,0,0,0,0,0,0,0,0,0,0,0,0,0,0,0,0,0,0,0,0,0,0,0,0,0,0,0,0,0
RBS,0,0,0,0,0,0,0,0,0,17,0,0,0,0,0,0,0,0,0,0,0,0,0,0,0,0,0,0,0,0,0,0,0,0,0,0,2,0,0,0,0,0,0,0,0
RBR,1,0,0,0,0,0,0,7,0,0,44,0,0,0,32,0,0,0,1,0,0,0,0,0,0,0,0,0,0,0,0,0,0,0,0,0,0,0,0,0,0,0,0,0,0
FW,0,0,0,0,0,0,1,0,0,0,0,0,1,0,0,0,0,0,0,0,0,0,0,0,0,0,0,0,0,0,0,0,0,0,0,0,0,0,0,0,0,0,0,0,0
IN,0,0,0,0,0,0,3,55,0,0,0,6,4727,0,0,21,0,0,8,1,0,0,0,0,2,0,0,0,2,6,0,0,0,17,0,0,0,1,0,0,0,2,0,0,1
UH,0,0,0,0,0,0,0,0,0,0,0,0,0,0,0,0,0,0,1,0,0,0,0,0,0,0,0,0,0,0,0,0,0,0,0,0,0,0,0,0,0,0,0,0,0
JJR,0,0,0,0,0,0,0,1,0,0,30,0,0,0,115,0,1,0,7,1,0,0,0,0,0,0,0,0,0,0,0,0,0,0,0,0,0,0,0,0,0,0,0,0,0
RP,0,0,0,0,0,0,0,12,0,0,0,0,24,0,0,98,0,0,0,0,0,0,0,0,0,0,0,0,0,0,0,0,0,0,0,0,0,0,0,0,0,0,0,0,0
VBN,14,54,0,0,0,0,19,2,0,0,0,0,0,0,0,0,794,12,64,13,0,0,0,0,30,0,0,0,0,0,0,0,0,0,0,0,0,0,0,1,9,0,0,0,0
NN,11,4,0,0,0,0,212,2,0,0,0,9,1,0,0,0,5,5547,219,15,0,3,0,0,33,0,0,0,2,0,0,0,0,0,0,0,0,8,0,5,57,0,0,0,0
JJ,9,2,0,0,0,0,144,29,6,0,0,4,3,0,1,2,58,75,2553,23,0,0,0,0,12,0,0,0,3,0,0,0,0,7,0,0,0,3,0,3,11,1,0,0,0
CD,8,0,0,0,0,0,37,0,0,0,0,0,0,0,0,0,3,12,64,1278,0,2,0,0,4,0,0,0,0,0,0,0,0,1,0,0,0,0,0,0,5,0,0,0,0
,,0,0,0,0,0,0,0,0,0,0,0,1,0,0,0,0,0,0,0,0,2525,0,0,0,0,0,0,0,0,0,0,0,0,0,0,0,0,0,0,0,0,0,0,0,0
PRP,0,0,0,0,0,0,0,0,0,0,0,0,0,0,0,0,0,1,0,1,0,924,0,0,0,0,0,0,0,0,3,0,0,0,0,0,0,0,0,0,0,0,0,0,0
WP,0,0,0,0,0,0,0,0,0,0,0,0,0,0,0,0,0,0,0,0,0,0,135,0,0,0,0,0,0,0,0,0,0,0,0,0,0,0,0,0,0,0,0,0,0
WP$,0,0,0,0,0,0,0,0,0,0,0,0,0,0,0,0,0,0,0,0,0,0,0,6,0,0,0,0,0,0,0,0,0,0,0,0,0,0,0,0,0,0,0,0,0
VBG,6,5,0,0,0,0,19,0,0,0,0,0,0,0,0,0,30,60,63,12,0,0,0,0,538,0,0,0,0,0,0,0,0,0,0,0,0,0,0,5,2,0,0,0,0
EX,0,0,0,0,0,0,0,1,0,0,0,0,0,0,0,0,0,0,0,0,0,0,0,0,0,47,0,0,0,0,0,0,0,0,0,0,0,0,0,0,0,0,0,0,0
(,0,0,0,0,0,0,0,0,0,0,0,0,0,0,0,0,0,0,0,0,0,0,0,0,0,0,52,0,0,0,0,0,0,0,0,0,0,0,0,0,0,0,0,0,0
MD,0,0,0,0,0,0,0,0,0,0,0,0,0,0,0,0,0,0,0,0,0,0,0,0,0,0,0,405,0,0,0,0,0,0,0,0,0,0,0,0,0,0,0,0,0
CC,0,0,0,0,0,0,0,1,0,0,0,0,0,0,0,0,0,0,0,1,0,0,0,0,0,0,0,0,1135,0,0,0,0,0,0,0,0,0,0,0,0,0,0,0,0
WDT,0,0,0,0,0,0,1,0,0,0,0,0,20,0,0,0,0,0,0,0,0,0,0,0,0,0,0,0,0,177,0,0,0,1,0,0,0,0,0,0,0,0,0,0,0
PRP$,0,0,0,0,0,0,0,0,0,0,0,0,0,0,0,0,0,0,0,0,0,1,0,0,0,0,0,0,0,0,403,0,0,0,0,0,0,0,0,0,0,0,0,0,0
LS,0,0,0,0,0,0,0,0,0,0,0,0,0,0,0,0,0,0,0,1,0,0,0,0,0,0,0,0,0,0,0,7,0,0,0,0,0,0,0,0,0,0,0,0,2
#,0,0,0,0,0,0,0,0,0,0,0,0,0,0,0,0,0,0,0,0,0,0,0,0,0,0,0,0,0,0,0,0,1,0,0,0,0,0,0,0,0,0,0,0,0
DT,0,0,0,0,0,0,2,8,11,0,0,2,11,1,0,0,0,3,0,0,0,0,0,0,0,0,0,0,3,3,0,0,0,3946,0,0,0,0,0,0,0,0,0,0,0
NNPS,0,0,0,0,0,0,51,0,0,0,0,0,0,0,0,0,0,10,3,1,0,0,0,0,2,0,0,0,0,0,0,0,0,0,18,0,0,0,0,0,9,0,0,0,0
WRB,0,0,0,0,0,0,0,0,0,0,0,0,0,0,0,0,0,0,0,0,0,0,0,0,0,0,0,0,0,0,0,0,0,0,0,90,0,0,0,1,0,0,0,0,0
JJS,0,0,0,0,0,0,1,0,0,9,0,0,0,0,0,0,0,6,5,0,0,0,0,0,0,0,0,0,0,0,0,0,0,0,0,0,69,0,0,0,0,0,0,0,0
VBP,58,6,0,0,0,0,4,0,0,0,0,0,0,0,0,0,4,38,1,1,0,0,0,0,5,0,0,0,0,0,0,0,0,0,0,0,0,590,0,7,3,0,0,0,0
),0,0,0,0,0,0,0,0,0,0,0,0,0,0,0,0,0,0,0,0,0,0,0,0,0,0,0,0,0,0,0,0,0,0,0,0,0,0,55,0,0,0,0,0,0
VBZ,5,10,0,0,3,0,11,0,0,0,0,0,0,0,0,0,1,15,9,3,0,0,0,0,2,0,0,0,0,0,0,0,0,0,0,0,0,1,0,1011,26,0,0,0,0
NNS,2,0,0,0,0,0,149,3,0,0,0,3,0,0,0,0,14,233,35,8,0,0,0,0,10,0,0,0,0,0,0,0,0,0,14,0,0,0,0,9,2487,0,0,0,0
TO,0,1,0,0,0,0,0,0,0,0,0,0,0,0,0,0,0,0,0,0,0,0,0,0,0,0,0,0,0,0,0,0,0,0,0,0,0,0,0,0,0,1014,0,0,0
$,0,0,0,0,0,0,0,0,0,0,0,0,0,0,0,0,0,0,0,0,0,0,0,0,0,0,0,0,0,0,0,0,0,0,0,0,0,0,0,0,0,0,336,0,0
:,0,0,0,0,0,0,0,0,0,0,0,0,0,0,0,0,0,0,0,0,0,0,0,0,0,0,0,0,0,0,0,0,0,0,0,0,0,0,0,0,0,0,0,285,0
SYM,0,0,0,0,0,0,0,0,0,0,0,0,0,0,0,0,0,0,0,0,0,0,0,0,0,0,0,0,1,0,0,0,0,0,0,0,0,0,0,0,0,0,0,0,0
